
a3=16;
m=800;
u=0.7;
g=9.8;
Tm=190;
wm=420;
B=0.4;
Cr=0.01;
Cd=0.32;
A=2.4;
p=1.3;
theta=0;
%theta=(5*pi)/180;
