b=10;
m=0.1;
k=10;
z0=0.2;
g=9.81;
eo=0.0005;
p=0.000015;